29433
18105
17369
26307
12858
15164
27888
14218
25055
14623
11622
15861
20687
30494
23634
16772
25373
9295
27979
32302
10309
28256
31086
22908
27075
5423
23727
7735
25041
2875
887
119
2062
1684
4393
8842
8818
29369
27326
1507
5658
14927
19448
1771
20977
24994
24352
18230
13844
27601
8985
31898
32516
28304
22470
4332
7742
13008
3749
3443
3080
5384
18215
28856
19147
31493
7618
12345
2059
6172
27088
30608
17121
23624
1230
5544
25708
9985
26837
4965
20042
4064
30192
3966
11497
2417
24130
21123
10857
5326
26709
13773
22596
1999
25322
1532
32534
11449
17605
27117
28356
18050
13104
18228
18408
27608
26978
15288
12537
19933
29721
10030
30630
20023
2947
25236
27823
2027
1937
18748
8509
11317
23359
10971
20490
22038
17412
8197
15484
6609
3497
25473
27502
5502
12299
21623
2661
5462
19007
7660
9559
2430
13398
5209
32206
6955
16871
11764
9267
11743
3703
16239
14469
18633
16632
26180
12591
12982
28657
24917
10684
6382
24678
27658
8327
6502
5964
11120
32173
1020
19058
10790
17300
14207
9688
5088
29871
11743
6996
14443
13563
20852
7828
7698
14324
627
1324
7117
16146
16416
11408
24574
22987
17987
24252
6032
1271
9354
3327
16086
32376
7804
2573
30172
24274
22211
21143
23855
30584
8492
4434
22258
23872
17911
3919
17296
13525
14730
10730
22794
21662
20900
7819
15428
7490
30310
22855
438
25591
10290
3350
23744
23040
20653
17316
20799
5419
29660
28870
24682
30059
30460
19803
6175
23207
15070
20330
20767
24253
754
31750
29058
6066
13415
28839
3005
20451
24262
9056
13632
14562
12988
26922
31858
9442
6396
30153
670
4574
3339
20975
20408
19878
28283
24167
20656
25360
22606
31194
30991
32505
4493
21122
4571
16831
4935
20065
29516
9062
15532
22224
1359
11569
32238
10983
24573
510
25819
31327
10965
